202233195,202288944
202287876,202288944
202288088,202288944
202234116,202288944
202233195,202234867
202233447,202234867
202233886,202234867
202234116,202234867
202197791,202206018
202205577,202206018
202205659,202206018
202205764,202206018
202140402,202141607
202140563,202141607
202140832,202141607
202141081,202141607
202141048,202141607
201512695,202107084
201519946,202107084
201886925,202107084
202106381,202107084
202046204,202047200
202046400,202047200
201519946,202047200
201403088,202047200
201942099,201960823
201945110,201960823
201945547,201960823
201945714,201960823
201514135,201889220
201512695,201889220
201519946,201889220
201887939,201889220
